1.865512072863349147e+01 4.044627820694751463e+00 2.916193487569346043e+00 2.346161634170411237e+00 1.407093314988675070e+00 1.209570057533152276e+00 8.321811098808525875e-01 7.215257196570965537e-01 5.450052612739769708e-01 5.143932401489315076e-01 3.794886430929219623e-01 2.413785409854868058e-01 1.166156866102184692e-01
4.044627820694751463e+00 1.071244257492716301e+01 3.134453798977879124e+00 2.102408949634493762e+00 1.427099053059170730e+00 1.146128773781143861e+00 8.331205997389313778e-01 6.528443664288881010e-01 5.207935806552856928e-01 4.640399206249054553e-01 3.358693584167581347e-01 2.412740451392110241e-01 1.392000168067546173e-01
2.916193487569346043e+00 3.134453798977879124e+00 5.252996277749574894e+00 1.936999597021751951e+00 1.398201393152067595e+00 1.124085251818654596e+00 8.999074699336421235e-01 7.220942566884496205e-01 5.732600674581260769e-01 4.719403698063771579e-01 3.420442731650006896e-01 2.193986648113947779e-01 1.325343367861246957e-01
2.346161634170411237e+00 2.102408949634493762e+00 1.936999597021751951e+00 3.012450880143112908e+00 1.287530787680731370e+00 1.099882388993332460e+00 8.489824035448473305e-01 6.758643269772853790e-01 5.429505077406399094e-01 4.520658474188203879e-01 3.310775320923119436e-01 2.242059787939778837e-01 1.394431204232053079e-01
1.407093314988675070e+00 1.427099053059170730e+00 1.398201393152067595e+00 1.287530787680731370e+00 1.613608390378796331e+00 9.241930776395914648e-01 7.437326869787870276e-01 5.945942667930337322e-01 4.710571877719053613e-01 3.905199383225752552e-01 2.890966211678897557e-01 2.088628287141731377e-01 1.352036164801461993e-01
1.209570057533152276e+00 1.146128773781143861e+00 1.124085251818654596e+00 1.099882388993332460e+00 9.241930776395914648e-01 1.222334262062347410e+00 7.461277624902361572e-01 6.085708487116828769e-01 4.864404391048413046e-01 4.092064660443199831e-01 2.942985458885502559e-01 2.038815074155104490e-01 1.283599066247079479e-01
8.321811098808525875e-01 8.331205997389313778e-01 8.999074699336421235e-01 8.489824035448473305e-01 7.437326869787870276e-01 7.461277624902361572e-01 7.986336823437291121e-01 5.549306180577010528e-01 4.444266487093668783e-01 3.741483959886218735e-01 2.719531935454485572e-01 1.904223720529518438e-01 1.172751848853103018e-01
7.215257196570965537e-01 6.528443664288881010e-01 7.220942566884496205e-01 6.758643269772853790e-01 5.945942667930337322e-01 6.085708487116828769e-01 5.549306180577010528e-01 5.700480845160917909e-01 4.187377925893884800e-01 3.493196291213191973e-01 2.582510207860953533e-01 1.800061469231027667e-01 1.134925175428771749e-01
5.450052612739769708e-01 5.207935806552856928e-01 5.732600674581260769e-01 5.429505077406399094e-01 4.710571877719053613e-01 4.864404391048413046e-01 4.444266487093668783e-01 4.187377925893884800e-01 4.238418987012919081e-01 3.323571480547178880e-01 2.465502655033670887e-01 1.734217572003420305e-01 1.137627404793057628e-01
5.143932401489315076e-01 4.640399206249054553e-01 4.719403698063771579e-01 4.520658474188203879e-01 3.905199383225752552e-01 4.092064660443199831e-01 3.741483959886218735e-01 3.493196291213191973e-01 3.323571480547178880e-01 3.367811471031998405e-01 2.489797881022793868e-01 1.769378212660810412e-01 1.198274277431043838e-01
3.794886430929219623e-01 3.358693584167581347e-01 3.420442731650006896e-01 3.310775320923119436e-01 2.890966211678897557e-01 2.942985458885502559e-01 2.719531935454485572e-01 2.582510207860953533e-01 2.465502655033670887e-01 2.489797881022793868e-01 2.385836911427674234e-01 1.763788469377144952e-01 1.210801075719632608e-01
2.413785409854868058e-01 2.412740451392110241e-01 2.193986648113947779e-01 2.242059787939778837e-01 2.088628287141731377e-01 2.038815074155104490e-01 1.904223720529518438e-01 1.800061469231027667e-01 1.734217572003420305e-01 1.769378212660810412e-01 1.763788469377144952e-01 1.754757537047581806e-01 1.270561862233157702e-01
1.166156866102184692e-01 1.392000168067546173e-01 1.325343367861246957e-01 1.394431204232053079e-01 1.352036164801461993e-01 1.283599066247079479e-01 1.172751848853103018e-01 1.134925175428771749e-01 1.137627404793057628e-01 1.198274277431043838e-01 1.210801075719632608e-01 1.270561862233157702e-01 1.246551655071816006e-01
