1.999422837584991086e+01 4.642164901133099875e+00 3.450726980628887386e+00 2.346167016927759974e+00 1.656708385632448710e+00 1.293340248431525730e+00 9.778043628258916709e-01 7.606614754444591675e-01 5.991691542788393221e-01 5.156209954001208517e-01 3.777986640075468583e-01 2.257018703309641716e-01 1.073934371760364020e-01
4.642164901133099875e+00 1.124875699197256296e+01 3.229497619959058152e+00 2.149957943726886089e+00 1.557349967560439863e+00 1.182445178852484791e+00 8.962275008779354568e-01 6.646148243117809828e-01 5.274614076828516573e-01 4.553904247230416424e-01 3.132494338026258762e-01 2.195267388613823534e-01 1.405971893685132035e-01
3.450726980628887386e+00 3.229497619959058152e+00 5.719057874317717172e+00 2.063001500441599578e+00 1.492161330141750231e+00 1.160029893988274718e+00 9.351328423706983806e-01 7.502535206797669165e-01 6.040689789714770441e-01 4.802655815157597097e-01 3.525448168799027449e-01 2.422409726107284111e-01 1.416042864057138195e-01
2.346167016927759974e+00 2.149957943726886089e+00 2.063001500441599578e+00 3.036130274865129319e+00 1.324525001470644892e+00 1.058188876609404971e+00 8.570172332509804480e-01 6.717917287148889027e-01 5.490208702935643892e-01 4.314232723598833141e-01 3.161160030880081906e-01 2.133157535519142889e-01 1.277253812462099958e-01
1.656708385632448710e+00 1.557349967560439863e+00 1.492161330141750231e+00 1.324525001470644892e+00 1.722433301034638209e+00 9.248189638172538141e-01 7.653129430734357808e-01 6.157726556762732617e-01 4.972274955471189806e-01 3.975946014604136436e-01 3.008180097803087039e-01 2.202592659740487679e-01 1.429492701679320465e-01
1.293340248431525730e+00 1.182445178852484791e+00 1.160029893988274718e+00 1.058188876609404971e+00 9.248189638172538141e-01 1.145110210763494285e+00 7.113027133761066212e-01 5.747565964442349351e-01 4.682561090060278763e-01 3.850393414345691934e-01 2.837800419366173776e-01 1.982175555172134285e-01 1.235130152178031682e-01
9.778043628258916709e-01 8.962275008779354568e-01 9.351328423706983806e-01 8.570172332509804480e-01 7.653129430734357808e-01 7.113027133761066212e-01 7.932809193070218257e-01 5.449190333250164553e-01 4.422317238773743053e-01 3.609784890665962420e-01 2.680917743855258939e-01 1.887888688123361414e-01 1.186925458565098734e-01
7.606614754444591675e-01 6.646148243117809828e-01 7.502535206797669165e-01 6.717917287148889027e-01 6.157726556762732617e-01 5.747565964442349351e-01 5.449190333250164553e-01 5.577199046594379928e-01 4.146485672456556859e-01 3.357709636429805355e-01 2.502339747610974885e-01 1.752741353923500944e-01 1.114048376927952305e-01
5.991691542788393221e-01 5.274614076828516573e-01 6.040689789714770441e-01 5.490208702935643892e-01 4.972274955471189806e-01 4.682561090060278763e-01 4.422317238773743053e-01 4.146485672456556859e-01 4.224726473946325833e-01 3.249195627064077052e-01 2.436641212907896259e-01 1.716687035546524132e-01 1.116165731087098989e-01
5.156209954001208517e-01 4.553904247230416424e-01 4.802655815157597097e-01 4.314232723598833141e-01 3.975946014604136436e-01 3.850393414345691934e-01 3.609784890665962420e-01 3.357709636429805355e-01 3.249195627064077052e-01 3.235414171394011551e-01 2.421893965268805404e-01 1.734660267110398058e-01 1.141500222417730359e-01
3.777986640075468583e-01 3.132494338026258762e-01 3.525448168799027449e-01 3.161160030880081906e-01 3.008180097803087039e-01 2.837800419366173776e-01 2.680917743855258939e-01 2.502339747610974885e-01 2.436641212907896259e-01 2.421893965268805404e-01 2.372588199812041554e-01 1.750596815827735464e-01 1.166469226392143760e-01
2.257018703309641716e-01 2.195267388613823534e-01 2.422409726107284111e-01 2.133157535519142889e-01 2.202592659740487679e-01 1.982175555172134285e-01 1.887888688123361414e-01 1.752741353923500944e-01 1.716687035546524132e-01 1.734660267110398058e-01 1.750596815827735464e-01 1.725636700844933036e-01 1.221935737161609636e-01
1.073934371760364020e-01 1.405971893685132035e-01 1.416042864057138195e-01 1.277253812462099958e-01 1.429492701679320465e-01 1.235130152178031682e-01 1.186925458565098734e-01 1.114048376927952305e-01 1.116165731087098989e-01 1.141500222417730359e-01 1.166469226392143760e-01 1.221935737161609636e-01 1.212266247789245688e-01
