2.409265878864449636e-02 2.817353263615348866e-02 2.414478209195162692e-02 2.205795766878987721e-02 1.841978626224467092e-02 1.243391559701291504e-02 1.200647087884422655e-02 4.668094755228574359e-03 -1.501026662647473708e-03 -7.240032114511472765e-03 -1.440493315544280617e-02 -1.807898802840304797e-02 -2.254162262172854786e-02 -3.365624294215751461e-02 -4.140602332457462426e-02 -6.265646209405494049e-02 -7.466695346934076882e-02 -8.849955081887297959e-02 -1.111516326407344379e-01 -1.180266505817868239e-01 -1.279469670219759159e-01 -1.374015419935037952e-01 -1.334657748589447857e-01 -1.392074426812681121e-01 -1.310896323451735956e-01 -1.462268076237356329e-01 -1.657791627606904072e-01 -1.715832881139992272e-01 -1.667999530443389222e-01 -1.847706878120381202e-01 -2.050909116322243986e-01 -2.025400045702605567e-01 -2.210802985921002384e-01 -2.309047877249239822e-01 -2.289897501201234031e-01 -2.280168981973798581e-01 -2.241406383857612594e-01 -2.171406209799509046e-01 -2.073077474756531147e-01 -1.940232809940758973e-01 -2.280267993165168983e-01 -2.383778937674657927e-01 -2.480738948969901381e-01 -2.560243507570129640e-01 -2.273206806220577081e-01 -2.308587353282166299e-01 -2.112870069464946599e-01 -1.917743790393446057e-01 -1.621568355359814251e-01 -1.640059374229236588e-01 -1.389815513308457484e-01 -1.305406997208128639e-01 -1.451016852688301051e-01 -1.641478719866308889e-01 -1.589451108627097653e-01 -1.103499247055595295e-01 -9.494553077861846158e-02 -1.207375727782139946e-01 -1.184075682950780639e-01 -1.182926934681526460e-01 -1.372624025688410077e-01 -1.716163483529274669e-01 -1.319350925124568863e-01 -1.640711264014116932e-01 -1.401999368816289337e-01 -6.477326389123326533e-02
2.817353263615348866e-02 1.419569157782132329e-01 1.550635009821587085e-01 1.868908469963953822e-01 2.105750016943637171e-01 2.264857766184370791e-01 2.466913737252051930e-01 2.580648993048124673e-01 2.734623490031800608e-01 2.855652277525777549e-01 2.826205122980341433e-01 2.866566785987171850e-01 2.897621369006867509e-01 2.909281604932953402e-01 2.679817655293278977e-01 2.504459351355052266e-01 2.115486446234605411e-01 1.949900853890357000e-01 1.849032425149733927e-01 1.799695901242402141e-01 1.418925512314808124e-01 1.221905234216329461e-01 1.127284087079650776e-01 1.076265309610321547e-01 1.136897054304633892e-01 9.936578300266257768e-02 5.933972251221793226e-02 2.998694393971976235e-02 2.771183719896927466e-02 6.421807282725097536e-03 -2.708287466618123501e-02 -4.629982694621803674e-02 -6.653916799101415591e-02 -1.168671565599623402e-01 -1.218824371409251150e-01 -1.173187403733627621e-01 -1.222557448959577242e-01 -1.487082484778109726e-01 -1.121353995249702723e-01 -1.015944383835879761e-01 -1.775988473634818876e-01 -1.924966481321214729e-01 -2.667759376390062553e-01 -3.142400823330298576e-01 -2.227435828603242240e-01 -2.233584077955318714e-01 -2.797603156198710250e-01 -2.837458251832034040e-01 -2.657222992608432310e-01 -2.936563047020581130e-01 -2.600786219067629523e-01 -2.765670414087837425e-01 -3.132423087406388529e-01 -3.286145995479547999e-01 -3.012210209166798491e-01 -2.665189089106625442e-01 -1.911621609366298269e-01 -2.459836361342290778e-01 -1.818518873567580574e-01 -2.958486032996600623e-01 -2.157716443711433507e-01 -2.553655225276488805e-01 -1.878440843009671901e-01 -2.916420901508329777e-01 -2.060991368478560515e-01 -1.456205824452500575e-01
2.414478209195162692e-02 1.550635009821587085e-01 3.589447655899351552e-01 4.112724413045985017e-01 4.874829849259779135e-01 5.380231201194960455e-01 5.923837265938671770e-01 6.219917495296358734e-01 6.595025821904283436e-01 6.921688840916799812e-01 7.091946431012519092e-01 7.154437471082829569e-01 7.310198536029083316e-01 7.534303017299863736e-01 7.054580028284984650e-01 6.883229364804135386e-01 6.412167212118055071e-01 6.670489297645421090e-01 6.346039470959909945e-01 6.215433028933697868e-01 5.544771708954456813e-01 5.713216950630557456e-01 5.572641458499834055e-01 5.355077615017196369e-01 5.492014612255271544e-01 5.092726420455266911e-01 4.857605346158438420e-01 4.463057354140784194e-01 4.536097585661960085e-01 4.356653039101802127e-01 3.725697263744850440e-01 3.685275984148635997e-01 3.007258849219578978e-01 2.589671003648297276e-01 2.021577709621329710e-01 1.886196076706960489e-01 1.311026966258240223e-01 -1.554198636536006754e-02 -2.764091112525831825e-02 -9.280994332146736206e-03 -6.414355599639975924e-02 -5.634557397692721570e-02 -1.741078219086200918e-01 -2.184214414453138631e-01 -7.910968068474845405e-02 -6.739511157637807781e-02 -1.341693160425685150e-01 -6.058342298673407428e-02 -6.302883280455057191e-02 -1.064461354956868361e-01 -6.270954069541527509e-02 -3.764838839414288291e-02 -1.166104646281561907e-01 -2.225216456038225377e-01 -1.677886000767987995e-01 -1.525043580654720232e-01 -1.509880709588447834e-01 -1.851075023608338699e-01 7.967579831128860637e-04 -1.160624205799830611e-01 4.043717178661718897e-02 -4.861228780758285878e-02 -8.253078422890204602e-02 -1.923424448342408999e-01 -1.968496261137695630e-02 -1.222645676388403740e-01
2.205795766878987721e-02 1.868908469963953822e-01 4.112724413045985017e-01 7.264777254339160883e-01 7.939839777179878988e-01 8.922991294206568114e-01 1.000664872265828453e+00 1.076335781300815642e+00 1.157023144025741246e+00 1.220556797003081950e+00 1.237605283324350713e+00 1.273467227261159795e+00 1.306482790178509878e+00 1.375907394920711901e+00 1.321064940477502336e+00 1.277185165837475100e+00 1.257294435187723547e+00 1.287889036664024989e+00 1.254193497035734906e+00 1.261027165815458373e+00 1.178165110273323268e+00 1.159733778356348832e+00 1.120955596969484214e+00 1.108941753481435200e+00 1.095071199112227056e+00 1.026942051949014001e+00 1.037028461621300357e+00 9.210238020770412648e-01 9.351783454979952781e-01 8.567401562287748629e-01 8.568512124920079076e-01 7.807601559502266308e-01 6.562871179850584547e-01 5.780789781332567046e-01 4.890145218956808426e-01 4.844810095918415382e-01 3.724879312615628768e-01 1.713735589582641439e-01 1.677488980171718547e-01 1.031288180398720888e-01 4.000890878259290295e-02 -3.678972297269351988e-02 -1.619980086615704085e-01 -2.410416973701196286e-01 -1.555855549622404965e-01 -6.950689141286225947e-02 -1.049238010331771942e-01 -1.154504436332983996e-01 -1.455800185310703321e-01 -2.616976364627189300e-01 -2.679476630270545834e-01 -3.582106910373161757e-01 -4.842259425124294525e-01 -4.500039102402546010e-01 -4.984265786849643165e-01 -5.875586796273930545e-01 -5.386958990750708720e-01 -5.300151060800487590e-01 -2.669966557129960227e-01 -4.389778912461879123e-01 -1.271876633477621032e-01 -1.246350790511042833e-01 -1.621039056144052692e-01 -3.541149484827083582e-01 -1.204799900472395546e-01 -2.730021082404027744e-01
1.841978626224467092e-02 2.105750016943637171e-01 4.874829849259779135e-01 7.939839777179878988e-01 1.207145462415083470e+00 1.277150118176268778e+00 1.449234100083477417e+00 1.565839478048439926e+00 1.693271558581080694e+00 1.795144244963869928e+00 1.879162421522745596e+00 1.937970491553442587e+00 1.971368056466738850e+00 2.063597460082910118e+00 1.983047918199119408e+00 1.979516136398629778e+00 1.964426897901659919e+00 1.996297495452541204e+00 1.922143501824808087e+00 1.962964606669873380e+00 1.787719903451784331e+00 1.792460032476261844e+00 1.725802788725370851e+00 1.740214245732578435e+00 1.697009762304661828e+00 1.645018662296916956e+00 1.641623617002902380e+00 1.536632646464464180e+00 1.499816974611305920e+00 1.467350238224469416e+00 1.401877164891868643e+00 1.300056906865532769e+00 1.131429466791492144e+00 9.809995833914965102e-01 8.334595448608015378e-01 8.615954999198907061e-01 6.798119458766515022e-01 4.080183863240244846e-01 4.656620850603124251e-01 4.447744433229277594e-01 4.222161368803675763e-01 4.011866409124222876e-01 2.325087410463753945e-01 1.381257106174526017e-01 2.439103150931677122e-01 1.801015895808230627e-01 3.159403299421034705e-02 -1.177399405120152093e-01 -2.869525580141183974e-01 -4.428717031406463334e-01 -5.297133450077824435e-01 -6.950510459396094243e-01 -7.314634039407532651e-01 -7.781869556978554536e-01 -9.108107178697246731e-01 -1.065671620762513649e+00 -9.591217205020848846e-01 -1.036856112153144771e+00 -8.297884353735367480e-01 -9.710177857442029437e-01 -6.710673060274567892e-01 -7.458826139019557599e-01 -6.953573200366673923e-01 -1.019948132019117049e+00 -6.889723992424751087e-01 -7.034076817259653502e-01
1.243391559701291504e-02 2.264857766184370791e-01 5.380231201194960455e-01 8.922991294206568114e-01 1.277150118176268778e+00 1.773197839104709406e+00 1.908116785988047903e+00 2.076086497606796311e+00 2.263669204149099556e+00 2.386740415625511869e+00 2.501424627581105842e+00 2.549623344752096621e+00 2.578684135886299078e+00 2.680363884509220807e+00 2.591091896935261651e+00 2.598657606367193118e+00 2.536158522326962039e+00 2.605430093085527865e+00 2.497215569877004882e+00 2.534848305541949731e+00 2.334596108369885403e+00 2.330996179375486310e+00 2.286546791098061693e+00 2.210804527088543026e+00 2.070190304359012856e+00 2.018742736707753949e+00 2.025959830415597462e+00 1.950227983247544428e+00 1.847721084901620348e+00 1.833885357037942754e+00 1.743077115065955418e+00 1.596564952221201095e+00 1.386109639000072669e+00 1.231808853802548676e+00 1.052734382670455382e+00 9.275379435281457807e-01 7.342816510950088693e-01 4.543372576781385952e-01 4.054484479838253996e-01 2.542011984073400122e-01 3.057158717613462917e-01 1.942210992058840680e-01 -8.554459627560041801e-02 -1.136027176253345677e-01 2.262480496770445659e-02 -3.453133721746306367e-02 -1.992799353006911578e-01 -2.285967809915927518e-01 -3.885533591189910263e-01 -5.229163753728595099e-01 -5.283009209317750532e-01 -6.074582169300745127e-01 -6.812901885897947318e-01 -6.753311914930328896e-01 -7.316906330386814261e-01 -9.908905195033214097e-01 -9.403657494076416157e-01 -1.122249107727250506e+00 -9.111294460957901631e-01 -1.121102450931330097e+00 -8.052300780618899534e-01 -9.684705879093645775e-01 -9.888639073133643764e-01 -1.211054833335103664e+00 -7.046901964507245042e-01 -7.132065631604609379e-01
1.200647087884422655e-02 2.466913737252051930e-01 5.923837265938671770e-01 1.000664872265828453e+00 1.449234100083477417e+00 1.908116785988047903e+00 2.616977880473036588e+00 2.711319839734904313e+00 2.965891088113034701e+00 3.163080077552497649e+00 3.292762707057054872e+00 3.399814921507270604e+00 3.466047630489338616e+00 3.576722320552539802e+00 3.505289948178788251e+00 3.516479730695530659e+00 3.505815607379354049e+00 3.573721174926264066e+00 3.444844670888205229e+00 3.489834206368242597e+00 3.255836413821860287e+00 3.223341071574138184e+00 3.152993281727243247e+00 3.021319955160948645e+00 2.887338811908586766e+00 2.836935130337442601e+00 2.764825569949173723e+00 2.669853252056980430e+00 2.593253529083551001e+00 2.574144737167068264e+00 2.438458544784634530e+00 2.214664033871944770e+00 2.058559289680966131e+00 1.843217309895056388e+00 1.515877923669800786e+00 1.418049699881548165e+00 1.257850637140581762e+00 9.019970997005145597e-01 8.981291361309952093e-01 7.556843092341640755e-01 6.883558394989222062e-01 5.705747167957614385e-01 3.140479318073912673e-01 3.346971509977615944e-01 4.153591791172728809e-01 3.159451009412835853e-01 1.842960407363929964e-01 4.077645754059421868e-01 7.528498244395775106e-03 -7.413946947544056143e-02 -2.913269786768835634e-01 -4.072251161516821649e-01 -3.586603209827607941e-01 -4.384473625731060697e-01 -3.200764967240581349e-01 -4.983414919236120455e-01 -4.086845455035109098e-01 -5.700179894899237709e-01 -5.037279595506057861e-01 -5.441613696615833495e-01 -6.504172465134328007e-02 -1.460154945567004592e-01 -1.664642917521987620e-01 -5.815419312176169919e-01 -2.724523678976821794e-01 -4.905439062335718026e-01
4.668094755228574359e-03 2.580648993048124673e-01 6.219917495296358734e-01 1.076335781300815642e+00 1.565839478048439926e+00 2.076086497606796311e+00 2.711319839734904313e+00 3.515603876284216778e+00 3.700708342293130393e+00 3.979075932212112310e+00 4.192128591333272425e+00 4.356398157676180993e+00 4.434674227725576401e+00 4.608322852198237563e+00 4.496870665927329647e+00 4.555617307968361729e+00 4.530997804669175899e+00 4.590825739758049195e+00 4.491236310303667878e+00 4.507501003586400934e+00 4.133640266373327599e+00 4.084212834135048098e+00 4.022797472909821259e+00 3.892006036321925766e+00 3.767504190543038423e+00 3.607119532749527568e+00 3.528820563753753525e+00 3.464992800373516424e+00 3.311600325596531391e+00 3.243986427299642816e+00 3.061807131815570404e+00 2.865751659542896235e+00 2.652480140262216235e+00 2.516993227745930817e+00 2.112337336432578816e+00 1.949292521133095590e+00 1.685764930150394303e+00 1.254592195797870513e+00 1.197363168551080159e+00 1.051735269549105789e+00 1.093601560322503108e+00 8.530535606266818061e-01 5.397987775961942125e-01 4.690681973754845524e-01 4.813384687388951311e-01 4.220754629123339985e-01 2.046230661382072435e-01 3.458481856212859973e-01 -4.955428512865920482e-02 -4.597978437422121090e-01 -5.750389459033947714e-01 -8.427007344970420810e-01 -9.301782331021792860e-01 -8.863893296703397873e-01 -1.080721249996949185e+00 -1.393676245563354010e+00 -1.170143188574094273e+00 -1.267816967491084856e+00 -1.091401992360373718e+00 -1.009141703084755370e+00 -7.483618585001132750e-01 -8.590172871121931619e-01 -1.151629226615862089e+00 -1.475497398307027197e+00 -9.561903005064066319e-01 -1.068635485366465021e+00
-1.501026662647473708e-03 2.734623490031800608e-01 6.595025821904283436e-01 1.157023144025741246e+00 1.693271558581080694e+00 2.263669204149099556e+00 2.965891088113034701e+00 3.700708342293130393e+00 4.759913395796823821e+00 4.928481202268985228e+00 5.238178579091377074e+00 5.481776605566313521e+00 5.601219968371777824e+00 5.819964709259339841e+00 5.726553966011969088e+00 5.767716895968486135e+00 5.747383279138589707e+00 5.781384389755324982e+00 5.602608450814775765e+00 5.586945441206879970e+00 5.184057455784029322e+00 5.093220141715462113e+00 4.969625564863410006e+00 4.738659139351336869e+00 4.616462698808322607e+00 4.417052837868369330e+00 4.232778291944784499e+00 4.119025010309652401e+00 3.898572336594948951e+00 3.772611872866629579e+00 3.609083438510134467e+00 3.319558964026330106e+00 3.067832432232490358e+00 2.922638953154256924e+00 2.430489506356194429e+00 2.242367142623898690e+00 2.080116880614428343e+00 1.549572256753968702e+00 1.576478057843134550e+00 1.241637890514414311e+00 1.339316649638262469e+00 9.142179656149858058e-01 6.153004510007276107e-01 5.912147295115320889e-01 6.375134744409139964e-01 5.482173465414708069e-01 1.423968663169250526e-01 2.679732834447027812e-01 -2.692587180000787783e-01 -9.092376372011693464e-01 -1.129384054856510389e+00 -1.259305058242105924e+00 -1.374158491925587811e+00 -1.341054576368171380e+00 -1.507325356893878476e+00 -1.612730660566076279e+00 -1.387264621099521422e+00 -1.511720836930223300e+00 -1.159370201796797728e+00 -1.315457638935925377e+00 -1.067610547839057178e+00 -1.361517204737295428e+00 -1.648168384594988822e+00 -1.998608589656701406e+00 -1.309836469805083725e+00 -1.527350175202230265e+00
-7.240032114511472765e-03 2.855652277525777549e-01 6.921688840916799812e-01 1.220556797003081950e+00 1.795144244963869928e+00 2.386740415625511869e+00 3.163080077552497649e+00 3.979075932212112310e+00 4.928481202268985228e+00 6.230615637667477280e+00 6.386593517020237698e+00 6.767748557238784990e+00 6.940124797633155040e+00 7.289939243194256235e+00 7.171644139787034078e+00 7.259548585315217295e+00 7.287550380200753963e+00 7.376825138646176505e+00 7.189284830656188063e+00 7.140572306336617991e+00 6.667010522505387726e+00 6.549400483586342858e+00 6.369079067694383589e+00 6.048539145360387614e+00 5.933315403056702131e+00 5.705864138619549664e+00 5.458240469740169409e+00 5.255408745834198925e+00 5.023767826090947075e+00 4.852482364299342876e+00 4.591377064144510634e+00 4.211877021951548450e+00 3.856220051772834889e+00 3.679723191844444852e+00 3.092627600704315416e+00 2.688984546156008015e+00 2.652604181838164266e+00 2.003969657092254053e+00 1.920507786998377986e+00 1.446317115809075071e+00 1.609291324373161025e+00 1.030069353829334400e+00 7.852073481293988522e-01 6.850433272194071943e-01 5.614250888357961156e-01 4.354501652542006607e-01 6.800333113458393273e-03 8.200750183151195305e-02 -7.394105237037785772e-01 -1.311136488062106586e+00 -1.551861511457735210e+00 -1.689275421714119485e+00 -1.988041553401556527e+00 -2.077324487084775573e+00 -2.388692785889222403e+00 -2.652658425237148787e+00 -2.062234220366455428e+00 -2.528231639736184366e+00 -2.459232376964624933e+00 -2.510138152609210138e+00 -2.216776254800780777e+00 -2.676930766444964416e+00 -3.134508248307826594e+00 -3.179847312776454604e+00 -2.698377828086380159e+00 -2.912696133446026181e+00
-1.440493315544280617e-02 2.826205122980341433e-01 7.091946431012519092e-01 1.237605283324350713e+00 1.879162421522745596e+00 2.501424627581105842e+00 3.292762707057054872e+00 4.192128591333272425e+00 5.238178579091377074e+00 6.386593517020237698e+00 7.852416858422208712e+00 8.059005857211507973e+00 8.292695101466780017e+00 8.673188094703451867e+00 8.566002403297837020e+00 8.736545630253077732e+00 8.756174035518787591e+00 8.807839039885882571e+00 8.676458396938095063e+00 8.628781436197245469e+00 8.097673464449865577e+00 8.098404062518998359e+00 7.957516541392472220e+00 7.517084989419378083e+00 7.404128509900989918e+00 7.254956882108541727e+00 6.897953733893150918e+00 6.637823756183265367e+00 6.215588377646906970e+00 6.071094962270854545e+00 5.788582852906158926e+00 5.253804135385977681e+00 4.943488738135615179e+00 4.592110518909300332e+00 3.735624374394711289e+00 3.402452353509080929e+00 3.088632945087387061e+00 2.288096566265988674e+00 2.280840270964141325e+00 1.561360945194766314e+00 1.713568763316951848e+00 1.252594591885117792e+00 8.586219046547998168e-01 6.050740315588420959e-01 5.891497083730183881e-01 2.737296043826342173e-01 -2.913935966627089758e-01 -2.324566065985609331e-01 -8.692534342451226914e-01 -1.339344239336661690e+00 -1.717454258820773516e+00 -1.916895615621495130e+00 -2.273545285342451372e+00 -2.632331579247539466e+00 -2.950235394657057864e+00 -3.282044814075997241e+00 -2.632248228907142273e+00 -3.107886977425642350e+00 -3.110293266859407435e+00 -3.305843460740210737e+00 -3.084315551487274654e+00 -3.465092431315360599e+00 -3.705272753195344659e+00 -4.021133405743283262e+00 -3.064262096141048275e+00 -3.060099030693336442e+00
-1.807898802840304797e-02 2.866566785987171850e-01 7.154437471082829569e-01 1.273467227261159795e+00 1.937970491553442587e+00 2.549623344752096621e+00 3.399814921507270604e+00 4.356398157676180993e+00 5.481776605566313521e+00 6.767748557238784990e+00 8.059005857211507973e+00 9.879872142006664859e+00 9.873024001147355122e+00 1.037609953564391319e+01 1.034465410114609618e+01 1.062387919419549220e+01 1.064334465978664568e+01 1.072172213608894786e+01 1.055286985573754066e+01 1.045885245892317883e+01 9.904704508041335842e+00 9.859125970661482441e+00 9.650075066610924068e+00 9.097058907562463048e+00 9.033383553119893605e+00 8.725423638719080444e+00 8.323438864992509068e+00 8.033475531175868767e+00 7.512203726119445868e+00 7.408548054513034664e+00 7.114655736158383093e+00 6.579001562867651920e+00 6.005636991965966232e+00 5.593285584711839675e+00 4.626289029602249414e+00 4.012620053200096848e+00 3.724929173912064684e+00 2.932290132023447349e+00 2.952132934240985218e+00 2.244371539322436160e+00 2.480980635870253082e+00 2.135690970997327298e+00 1.713744357064425072e+00 1.379642093214423548e+00 1.492325774560778751e+00 1.423408666256728461e+00 7.175895029577460393e-01 6.885908556727244889e-01 -1.080381762214163849e-01 -7.970777949671175033e-01 -1.249901752077053008e+00 -1.326585537843493423e+00 -2.014276810748542701e+00 -2.429713637922747527e+00 -2.827018523288227225e+00 -3.072806327484127298e+00 -2.800926163367581267e+00 -3.085624876471789957e+00 -2.818728094098263526e+00 -3.153270916114693900e+00 -3.046573029000731125e+00 -3.686205544228109421e+00 -4.001778917172020833e+00 -4.274618734700701417e+00 -3.312410888687559840e+00 -3.362106797854707452e+00
-2.254162262172854786e-02 2.897621369006867509e-01 7.310198536029083316e-01 1.306482790178509878e+00 1.971368056466738850e+00 2.578684135886299078e+00 3.466047630489338616e+00 4.434674227725576401e+00 5.601219968371777824e+00 6.940124797633155040e+00 8.292695101466780017e+00 9.873024001147355122e+00 1.177721262886826459e+01 1.195373031537769393e+01 1.198323965904861055e+01 1.235024908720810899e+01 1.238019011885880083e+01 1.247495466144288301e+01 1.229608742916135533e+01 1.227397105672455702e+01 1.161606791382479464e+01 1.162829000357532117e+01 1.133597424857300418e+01 1.083842677679043831e+01 1.069148678632789817e+01 1.053609567378060952e+01 9.927887807514810703e+00 9.276132539960405765e+00 8.667896137681760038e+00 8.361001839382197431e+00 8.155394838196340146e+00 7.333106540735268908e+00 6.939016385966116474e+00 6.529694432436787821e+00 5.534016875678521963e+00 4.915234693893246742e+00 4.533370919026594059e+00 3.626386679156921478e+00 3.573846193236386082e+00 2.849037735028562945e+00 2.918205229709155191e+00 2.399228964793902463e+00 2.157496801714235080e+00 1.777910942324573362e+00 1.768688911043814649e+00 1.926723380565159127e+00 7.671718513239053072e-01 6.807335657122913775e-01 -3.633425878858388969e-01 -1.133909157045593474e+00 -1.536490018071769770e+00 -1.439264320021015564e+00 -2.186565510904669996e+00 -2.579170569929928547e+00 -3.028589586458986460e+00 -3.326821434855736559e+00 -3.060199217206913236e+00 -3.506899576126426332e+00 -3.693668643771659266e+00 -4.093936127334780295e+00 -4.111940820440486810e+00 -5.087708480187019155e+00 -5.071987075273253431e+00 -4.822114823756679769e+00 -4.323922236860409107e+00 -4.105956893298127852e+00
-3.365624294215751461e-02 2.909281604932953402e-01 7.534303017299863736e-01 1.375907394920711901e+00 2.063597460082910118e+00 2.680363884509220807e+00 3.576722320552539802e+00 4.608322852198237563e+00 5.819964709259339841e+00 7.289939243194256235e+00 8.673188094703451867e+00 1.037609953564391319e+01 1.195373031537769393e+01 1.437545934666273162e+01 1.406186355578082292e+01 1.454186796617307031e+01 1.464917464941898650e+01 1.472867319538662478e+01 1.454588749178642182e+01 1.442209496181540196e+01 1.374652706137098335e+01 1.372797650036352834e+01 1.344142218096666319e+01 1.280423162840127738e+01 1.258088555361395500e+01 1.232313449851207565e+01 1.156824799625538702e+01 1.089640516966504613e+01 1.007144864305045218e+01 9.935306430644153863e+00 9.512762594279417172e+00 8.686495891458793750e+00 8.124418245159043650e+00 7.373694716954438455e+00 6.279680686252059552e+00 5.689281489844133510e+00 5.254508833297228065e+00 4.196395561225022774e+00 4.119694374944915971e+00 3.334754195974054980e+00 3.574490609253926365e+00 2.829119802505928316e+00 2.727813131555075099e+00 2.217185592848087250e+00 2.662701305516765427e+00 2.508498153522797036e+00 1.830738833434857105e+00 1.300504307541144655e+00 -1.723076683359870409e-01 -1.112937643949625466e+00 -1.346032853915279270e+00 -1.487291947645702717e+00 -1.994296564867982902e+00 -2.707769570218320432e+00 -3.204968388566960424e+00 -3.188848634619990463e+00 -3.066805105762145711e+00 -3.526493790927115679e+00 -3.420420059596438911e+00 -3.663069344130184923e+00 -3.323270891964147378e+00 -4.270380163295087073e+00 -3.947394045662533379e+00 -3.818665825252625545e+00 -3.240238711294043839e+00 -2.930862520810104233e+00
-4.140602332457462426e-02 2.679817655293278977e-01 7.054580028284984650e-01 1.321064940477502336e+00 1.983047918199119408e+00 2.591091896935261651e+00 3.505289948178788251e+00 4.496870665927329647e+00 5.726553966011969088e+00 7.171644139787034078e+00 8.566002403297837020e+00 1.034465410114609618e+01 1.198323965904861055e+01 1.406186355578082292e+01 1.621212298862382539e+01 1.632846738677965348e+01 1.662108428566615004e+01 1.680406720184702962e+01 1.667894234776954576e+01 1.652846375252065414e+01 1.578978855046987739e+01 1.566236794382968256e+01 1.530001739249902215e+01 1.465763381992357672e+01 1.428647850671512387e+01 1.396593293441020300e+01 1.313962306449846018e+01 1.231780048669374139e+01 1.138479081592006104e+01 1.132157073126062841e+01 1.069211319951010886e+01 9.914903938275884343e+00 9.071319699441822593e+00 8.277837811064360451e+00 7.071730589695387259e+00 6.234524232641755148e+00 5.788457151696357883e+00 4.798500741056829000e+00 4.462325796957538060e+00 3.469106465816816254e+00 3.884680032048667631e+00 2.978702526844187570e+00 3.183238635838609998e+00 2.596173062594925529e+00 2.437178418394078339e+00 2.565034946904608315e+00 1.985845709026729411e+00 1.432430444932015767e+00 -4.539952144911450493e-01 -1.732809873205996887e+00 -2.155902706862395934e+00 -2.199887950510173162e+00 -3.170826330560134299e+00 -3.999340895477585089e+00 -4.175638940893008133e+00 -4.354593869808407014e+00 -4.506391940033229737e+00 -5.027116046645421221e+00 -5.178331696878233359e+00 -5.157791020123833725e+00 -5.076351122338459199e+00 -5.696877138515226591e+00 -5.856979879384523358e+00 -5.575327627834287370e+00 -5.087958215017590824e+00 -5.528294575512954445e+00
-6.265646209405494049e-02 2.504459351355052266e-01 6.883229364804135386e-01 1.277185165837475100e+00 1.979516136398629778e+00 2.598657606367193118e+00 3.516479730695530659e+00 4.555617307968361729e+00 5.767716895968486135e+00 7.259548585315217295e+00 8.736545630253077732e+00 1.062387919419549220e+01 1.235024908720810899e+01 1.454186796617307031e+01 1.632846738677965348e+01 1.933467277056787736e+01 1.912077732462334367e+01 1.950877883492679388e+01 1.941737664223935411e+01 1.932118443955856435e+01 1.871281995224181571e+01 1.848922098657654089e+01 1.817953851170021196e+01 1.751311497544707763e+01 1.706188144001916385e+01 1.670782818363840505e+01 1.582004771532541376e+01 1.483314655494729628e+01 1.387952535520250663e+01 1.355117965184856565e+01 1.271193715704919747e+01 1.193371694837045993e+01 1.093260205811356300e+01 1.013026662297902369e+01 8.846499431649043288e+00 7.791165882214536431e+00 7.091568676798503112e+00 5.811324727274529423e+00 5.621889423862970858e+00 4.455719134930703262e+00 4.598707035737265691e+00 3.645731066424548139e+00 3.592430205433143175e+00 3.053985895009070806e+00 2.940907112430443782e+00 2.913486865089101485e+00 1.696725744795704038e+00 8.475017749620616936e-01 -1.144590713388604186e+00 -1.865482816413397416e+00 -2.676452943115210203e+00 -2.407734421462917496e+00 -3.334076202494495433e+00 -4.291519915927169748e+00 -4.670588591285635971e+00 -5.213938448143248472e+00 -4.967780736282292331e+00 -5.719393310621581072e+00 -5.525233695032573777e+00 -5.401517469754062439e+00 -5.746385624653727042e+00 -6.881844167106745402e+00 -7.108569680575939742e+00 -6.589328866894851977e+00 -6.250967363954629263e+00 -7.100746734604379107e+00
-7.466695346934076882e-02 2.115486446234605411e-01 6.412167212118055071e-01 1.257294435187723547e+00 1.964426897901659919e+00 2.536158522326962039e+00 3.505815607379354049e+00 4.530997804669175899e+00 5.747383279138589707e+00 7.287550380200753963e+00 8.756174035518787591e+00 1.064334465978664568e+01 1.238019011885880083e+01 1.464917464941898650e+01 1.662108428566615004e+01 1.912077732462334367e+01 2.207359507443944580e+01 2.171275292612872576e+01 2.180778675331815464e+01 2.180236712858866710e+01 2.117099467801078561e+01 2.103599668859927974e+01 2.080979888714218262e+01 2.010322651844110098e+01 1.962266796199836705e+01 1.916823474259471283e+01 1.807130470472477768e+01 1.709978835444555045e+01 1.599694254661702253e+01 1.565199906985997913e+01 1.471408793429014672e+01 1.350554415431864363e+01 1.249854482058644756e+01 1.157441360934379304e+01 9.961720225210042301e+00 8.916785939471600031e+00 7.946466716304809275e+00 6.709003614601520837e+00 6.402865546951928444e+00 5.525464696170224066e+00 5.825575245983087846e+00 5.056598559861970266e+00 4.843352868833724401e+00 4.140262892589604782e+00 3.674505142159910864e+00 3.793606088791687370e+00 2.782084441350435089e+00 1.990855071827591249e+00 -4.679141143668931746e-01 -1.179212409857921084e+00 -2.138640170496084014e+00 -1.966450248259362876e+00 -2.767782035221713510e+00 -4.115186753700434963e+00 -4.854521978804383409e+00 -4.815016481715751695e+00 -4.514775765928256135e+00 -5.035662840406095242e+00 -4.620817650123301590e+00 -4.874948836746495928e+00 -4.403272568863424219e+00 -5.690794039664994308e+00 -6.186585054992470134e+00 -5.565140814794010460e+00 -5.564927590258355927e+00 -6.173057451515408189e+00
-8.849955081887297959e-02 1.949900853890357000e-01 6.670489297645421090e-01 1.287889036664024989e+00 1.996297495452541204e+00 2.605430093085527865e+00 3.573721174926264066e+00 4.590825739758049195e+00 5.781384389755324982e+00 7.376825138646176505e+00 8.807839039885882571e+00 1.072172213608894786e+01 1.247495466144288301e+01 1.472867319538662478e+01 1.680406720184702962e+01 1.950877883492679388e+01 2.171275292612872576e+01 2.514200552310378001e+01 2.461188083288518413e+01 2.490497638513547685e+01 2.431736892477937317e+01 2.414042371069908555e+01 2.398143729194368134e+01 2.311909924682322170e+01 2.271593667161699415e+01 2.217562204779704516e+01 2.086279028049129636e+01 1.955614240826836436e+01 1.817486784506100506e+01 1.781272740821049894e+01 1.685125698515056314e+01 1.569880575304606118e+01 1.460211320400856394e+01 1.377579823351502419e+01 1.210820751510160065e+01 1.084381686456704941e+01 1.021664954303994222e+01 8.517489801137189787e+00 7.958915758946139007e+00 7.198140065789758957e+00 7.515313847735513697e+00 6.604923169837787711e+00 6.652668461755716578e+00 6.144146129965541547e+00 5.035875961396333977e+00 4.752435076517603996e+00 3.332992588787907717e+00 2.638757421804604153e+00 1.229218039863185369e-01 -7.193038510133978880e-01 -1.826125656152941090e+00 -1.492176567557700562e+00 -2.266564125983619338e+00 -3.702397363206326286e+00 -3.669666601153347862e+00 -4.169856054310644211e+00 -3.855344173445614864e+00 -5.079733251455762044e+00 -4.870125109230076355e+00 -5.165572585432381736e+00 -5.081739348789475308e+00 -6.862201808445186124e+00 -7.889534162233783121e+00 -7.354913372282408268e+00 -7.992237222813241004e+00 -8.941938449367311748e+00
-1.111516326407344379e-01 1.849032425149733927e-01 6.346039470959909945e-01 1.254193497035734906e+00 1.922143501824808087e+00 2.497215569877004882e+00 3.444844670888205229e+00 4.491236310303667878e+00 5.602608450814775765e+00 7.189284830656188063e+00 8.676458396938095063e+00 1.055286985573754066e+01 1.229608742916135533e+01 1.454588749178642182e+01 1.667894234776954576e+01 1.941737664223935411e+01 2.180778675331815464e+01 2.461188083288518413e+01 2.840332927108009642e+01 2.804257453612670759e+01 2.761555906268107208e+01 2.760809204058742239e+01 2.734738340298396153e+01 2.664955668520511267e+01 2.604642873204246811e+01 2.526746630512211311e+01 2.379245260980915333e+01 2.250699165614036090e+01 2.092086919691558222e+01 2.039366936683228815e+01 1.915219967951614066e+01 1.790297151701594913e+01 1.642388128948039849e+01 1.541614077593403387e+01 1.371042224692560296e+01 1.235889512755879416e+01 1.140499327387245998e+01 9.920260129510626967e+00 9.274588237956010062e+00 8.467810717602731074e+00 8.714579863916439351e+00 7.912351215958707940e+00 7.736582589871972004e+00 7.006002820822410548e+00 5.741807426478984233e+00 5.330901231166365939e+00 3.917325951149234431e+00 2.867097800826251763e+00 -6.888246873804400316e-02 -1.006127813479083422e+00 -2.605374293417714870e+00 -2.725999711238073164e+00 -3.667375397180792529e+00 -5.083139200974437166e+00 -4.934424586052085893e+00 -5.624926099437356442e+00 -5.082200636048067821e+00 -6.132948268342490294e+00 -5.787727202357697109e+00 -6.301993414781963843e+00 -6.606099844474909943e+00 -8.743344173177758805e+00 -1.003783073988703123e+01 -8.275496559643961803e+00 -8.563989251240583300e+00 -9.320871996353675470e+00
-1.180266505817868239e-01 1.799695901242402141e-01 6.215433028933697868e-01 1.261027165815458373e+00 1.962964606669873380e+00 2.534848305541949731e+00 3.489834206368242597e+00 4.507501003586400934e+00 5.586945441206879970e+00 7.140572306336617991e+00 8.628781436197245469e+00 1.045885245892317883e+01 1.227397105672455702e+01 1.442209496181540196e+01 1.652846375252065414e+01 1.932118443955856435e+01 2.180236712858866710e+01 2.490497638513547685e+01 2.804257453612670759e+01 3.261004978555918399e+01 3.144450905035647992e+01 3.157906408589881764e+01 3.129360996850869370e+01 3.038459684141806960e+01 2.988576476721970465e+01 2.919118083214834058e+01 2.779498794120479843e+01 2.624484346720401007e+01 2.446823158902659756e+01 2.384314927921314009e+01 2.248039267201092883e+01 2.068690094966403237e+01 1.895003412110695606e+01 1.768817420871160806e+01 1.561146189382266947e+01 1.409652264567387370e+01 1.317386415843757064e+01 1.143909870395487616e+01 1.070355686417979690e+01 9.727852645825846523e+00 9.925619362684521718e+00 8.901563442656925673e+00 8.335942197527138831e+00 7.329505530912471478e+00 5.881318621540635228e+00 5.709470368304603305e+00 4.093368807673057219e+00 2.192794374550018688e+00 -8.360213018157568454e-01 -1.784468216062454315e+00 -3.143607534680205706e+00 -3.313533646054239057e+00 -3.895095944964739321e+00 -5.078907725880850599e+00 -4.782832956983729567e+00 -6.289230996511199656e+00 -6.070994243172910920e+00 -6.832675884428383029e+00 -6.869476747855047805e+00 -7.503791570151814305e+00 -8.434957883381043686e+00 -1.037894702872543107e+01 -1.163752911799867285e+01 -9.391585659348812953e+00 -9.941381325505492583e+00 -1.023345111526375817e+01
-1.279469670219759159e-01 1.418925512314808124e-01 5.544771708954456813e-01 1.178165110273323268e+00 1.787719903451784331e+00 2.334596108369885403e+00 3.255836413821860287e+00 4.133640266373327599e+00 5.184057455784029322e+00 6.667010522505387726e+00 8.097673464449865577e+00 9.904704508041335842e+00 1.161606791382479464e+01 1.374652706137098335e+01 1.578978855046987739e+01 1.871281995224181571e+01 2.117099467801078561e+01 2.431736892477937317e+01 2.761555906268107208e+01 3.144450905035647992e+01 3.527311596118767056e+01 3.452282564216488936e+01 3.445281410508583519e+01 3.363803018662699884e+01 3.323766101805485818e+01 3.247866507397429814e+01 3.098533422857840947e+01 2.929087490416154083e+01 2.750786485400510983e+01 2.668588339908726681e+01 2.525659438150286817e+01 2.337450434968869217e+01 2.174153288218663960e+01 2.049530037613876132e+01 1.819498727706684349e+01 1.649848588363903090e+01 1.564406260610729404e+01 1.323791930834715558e+01 1.243463596097408619e+01 1.137093836975989447e+01 1.087431589849526503e+01 9.871508034102724594e+00 9.183434830223408341e+00 8.401728570543340879e+00 6.885760906842677720e+00 6.662955910690179451e+00 4.932868894318905184e+00 3.339364723597666007e+00 3.437227271754731417e-01 -4.614606615284178592e-01 -1.891400221537559601e+00 -1.816022486790822565e+00 -2.581695756050311541e+00 -4.034470834609670931e+00 -3.936395073425233537e+00 -5.599777293303152881e+00 -5.908093643994830835e+00 -6.605241381809687340e+00 -6.650664302557430574e+00 -7.048344521382734484e+00 -8.213154361726816788e+00 -9.873972383847045009e+00 -1.083380918928443570e+01 -8.684598777833924643e+00 -9.099527834380031877e+00 -9.701694470112430579e+00
-1.374015419935037952e-01 1.221905234216329461e-01 5.713216950630557456e-01 1.159733778356348832e+00 1.792460032476261844e+00 2.330996179375486310e+00 3.223341071574138184e+00 4.084212834135048098e+00 5.093220141715462113e+00 6.549400483586342858e+00 8.098404062518998359e+00 9.859125970661482441e+00 1.162829000357532117e+01 1.372797650036352834e+01 1.566236794382968256e+01 1.848922098657654089e+01 2.103599668859927974e+01 2.414042371069908555e+01 2.760809204058742239e+01 3.157906408589881764e+01 3.452282564216488936e+01 3.947868283644815790e+01 3.854823392901155188e+01 3.785589591982358115e+01 3.769737690759922799e+01 3.689453233051658287e+01 3.545428381958697628e+01 3.373030724625200349e+01 3.200861044247316300e+01 3.086695930586713743e+01 2.947830755386196344e+01 2.744094684741566681e+01 2.539563354497530767e+01 2.376552132556529173e+01 2.163094309472918653e+01 1.990736994880304422e+01 1.855260583758327186e+01 1.589661086843571880e+01 1.476609516532983513e+01 1.362111978650113642e+01 1.304078557813749129e+01 1.184908050213164898e+01 1.089154121231943506e+01 1.014914966468984225e+01 8.495513442168139306e+00 7.727730163965794929e+00 5.521085977057138550e+00 3.739115218801999152e+00 1.222847849900112749e+00 1.549387771446466278e-01 -6.500324106160435544e-01 7.662412779139807749e-03 -2.475819786985835047e-01 -1.465492428956106874e+00 -1.981712487074944962e+00 -4.113474111591648885e+00 -4.861976728114679069e+00 -6.018886859407639456e+00 -5.819136967776689318e+00 -6.122285367782392740e+00 -8.518713729370235299e+00 -1.061018921502254031e+01 -1.163337413778593366e+01 -1.008745448739255579e+01 -1.019782085177896214e+01 -1.052999741720716464e+01
-1.334657748589447857e-01 1.127284087079650776e-01 5.572641458499834055e-01 1.120955596969484214e+00 1.725802788725370851e+00 2.286546791098061693e+00 3.152993281727243247e+00 4.022797472909821259e+00 4.969625564863410006e+00 6.369079067694383589e+00 7.957516541392472220e+00 9.650075066610924068e+00 1.133597424857300418e+01 1.344142218096666319e+01 1.530001739249902215e+01 1.817953851170021196e+01 2.080979888714218262e+01 2.398143729194368134e+01 2.734738340298396153e+01 3.129360996850869370e+01 3.445281410508583519e+01 3.854823392901155188e+01 4.369606747753248754e+01 4.193213387788959778e+01 4.193950112555681642e+01 4.146127906878867009e+01 4.000881907469333498e+01 3.844741660101371394e+01 3.644732549916754039e+01 3.501626603068422128e+01 3.350583802567881975e+01 3.135242690588484038e+01 2.913262669032646457e+01 2.728618902358847009e+01 2.485050458081692071e+01 2.343785650721775582e+01 2.169419676217099990e+01 1.888288908283655587e+01 1.766798562671606732e+01 1.680238509164832905e+01 1.572932852941472603e+01 1.453993156984054558e+01 1.328501451776409148e+01 1.199733431403740092e+01 9.860831830119742847e+00 9.018220770309739009e+00 7.026482085875814576e+00 5.207560953602174969e+00 2.935102221370870623e+00 1.895433075833287351e+00 6.277188268690062634e-01 1.340270771599372024e+00 3.022949742256243466e-01 -1.382655180787508487e+00 -1.627846615932586838e+00 -3.371487291589548629e+00 -4.764992086981771457e+00 -5.703129056245384021e+00 -6.418535399963148258e+00 -6.636244061637518676e+00 -8.873086745802057251e+00 -1.108374870137749824e+01 -1.180831335663073922e+01 -1.036574531083350337e+01 -1.102802359021136525e+01 -1.146473088259438811e+01
