4.759043711337185463e-03 6.183491387907491012e-04 1.907735868993708564e-04 8.892096817854336821e-05 4.491946047796297869e-05 2.029819911766225015e-05 1.403342348319879432e-05 4.098190182916728682e-06 -1.025948421648050708e-06 -3.961578394452393183e-06 -6.452197040594726491e-06 -6.750771510524115199e-06 -7.124265915015415834e-06 -9.119542872436762563e-06 -9.725288430780418508e-06 -1.287886067117429292e-05 -1.354364356822376989e-05 -1.427052469742470836e-05 -1.603789485207505450e-05 -1.532801202351107567e-05 -1.503478582231044525e-05 -1.467876978477561499e-05 -1.301906659194097148e-05 -1.244806086716122754e-05 -1.078477649499324029e-05 -1.110507792339969987e-05 -1.165770782700688205e-05 -1.120429592826850444e-05 -1.014100919450780396e-05 -1.048489331855331568e-05 -1.088733808486233757e-05 -1.008009628050780082e-05 -1.033613785513508716e-05 -1.016057524318371197e-05 -9.500639200505072235e-06 -8.934809552185857997e-06 -8.308255583059806517e-06 -7.625239913699234706e-06 -6.906675411318820805e-06 -6.140936768017973522e-06 -6.865162433956494516e-06 -6.835098179920864004e-06 -6.782318455896184556e-06 -6.681557835994797154e-06 -5.668836067825522874e-06 -5.506789698941154456e-06 -4.825494863666417046e-06 -4.197380478956968879e-06 -3.404291620678003975e-06 -3.305400933851264341e-06 -2.691221051063170005e-06 -2.430560583353992775e-06 -2.599733450128808162e-06 -2.832061403590247945e-06 -2.642586070926975055e-06 -1.769135296747155118e-06 -1.468765975909918526e-06 -1.803357057995679541e-06 -1.708609050540938580e-06 -1.650057055929510085e-06 -1.851892698671710456e-06 -2.240698367412136691e-06 -1.667920181885873210e-06 -2.009368924789701218e-06 -1.664191736834765765e-06 -7.455695351861730036e-07
6.183491387907491012e-04 3.461836080553901259e-04 1.361325660200022073e-04 8.371136171838210649e-05 5.705769830327054015e-05 4.108166316243237309e-05 3.203758069823529789e-05 2.517322596480414722e-05 2.076787932490774128e-05 1.736163318643627854e-05 1.406557672818836395e-05 1.189320341348424736e-05 1.017546050021617604e-05 8.758922566931650713e-06 6.993614709233481393e-06 5.719829113432201848e-06 4.263583980439595751e-06 3.493565539850022900e-06 2.964377671204309371e-06 2.596942703376178420e-06 1.852611426263913445e-06 1.450417624435054860e-06 1.221801919983359057e-06 1.069340660495691917e-06 1.039253355733351212e-06 8.384727663796046890e-07 4.636456892164059379e-07 2.175701359432761878e-07 1.872009558638109813e-07 4.048980632215252883e-08 -1.597450995181737758e-07 -2.560299215834511982e-07 -3.456552098947935064e-07 -5.713935405459573229e-07 -5.618694284335184812e-07 -5.107908962621114381e-07 -5.035191706263675288e-07 -5.802364214345248847e-07 -4.151009609134478937e-07 -3.572795885910870345e-07 -5.941041135361088016e-07 -6.132809028993987337e-07 -8.104034065196326617e-07 -9.112038142238986788e-07 -6.171882396562411061e-07 -5.919867342596255049e-07 -7.099253210077829878e-07 -6.900407271268621300e-07 -6.198362727122862575e-07 -6.575993792566583246e-07 -5.595699217347472474e-07 -5.721612331042934550e-07 -6.235830077981132261e-07 -6.299582286335786214e-07 -5.564481906324169091e-07 -4.747604397379859274e-07 -3.285772561296808967e-07 -4.082281892379300115e-07 -2.915671176819328656e-07 -4.585303162944670852e-07 -3.234566505168391063e-07 -3.704627048210562583e-07 -2.638578084008035740e-07 -3.968580686538906957e-07 -2.718248810629796316e-07 -1.862398558446936363e-07
1.907735868993708564e-04 1.361325660200022073e-04 1.134442715938559866e-04 6.631755163389845410e-05 4.755206681186187800e-05 3.513261880180363651e-05 2.769563773979654745e-05 2.184223427703522259e-05 1.803074256063368761e-05 1.514955322385264371e-05 1.270637920508387137e-05 1.068599029497306763e-05 9.241534939375033319e-06 8.166021323090839827e-06 6.627811127409151337e-06 5.659314234753723729e-06 4.652345016671265291e-06 4.302457193744588477e-06 3.662640353339234620e-06 3.228770171116768797e-06 2.606219030214856606e-06 2.441398986708567583e-06 2.174357892662636865e-06 1.915424371460748980e-06 1.807317605238235277e-06 1.547052135262017666e-06 1.366360956863257851e-06 1.165740927109520760e-06 1.103132380646525859e-06 9.888807122350805347e-07 7.911208817478075628e-07 7.336414713583142457e-07 5.623918952445138882e-07 4.558163968259640786e-07 3.354958975206627342e-07 2.956412942494904324e-07 1.943841543488531182e-07 -2.183126754201250296e-08 -3.683543978262145466e-08 -1.174993001788792817e-08 -7.724634689023803334e-08 -6.462470559656330620e-08 -1.904037011773524628e-07 -2.280088576454647793e-07 -7.891227669258365678e-08 -6.430438175278701605e-08 -1.225694574941829839e-07 -5.303976021546271563e-08 -5.292864199487328879e-08 -8.581327266585035938e-08 -4.857198222525329211e-08 -2.803928247766540500e-08 -8.357066975954583051e-08 -1.535676232292049166e-07 -1.115846382481724347e-07 -9.779828793949171086e-08 -9.342878577811371113e-08 -1.105918938700394317e-07 4.598854349063506784e-10 -6.475788500253070580e-08 2.182252438690054964e-08 -2.538813463216418886e-08 -4.173408545698416711e-08 -9.422424043641427834e-08 -9.346524070238284508e-09 -5.629281675062561014e-08
8.892096817854336821e-05 8.371136171838210649e-05 6.631755163389845410e-05 5.976750225956598803e-05 3.951532912008748311e-05 2.972788297472876245e-05 2.386936324004118292e-05 1.928431175030157234e-05 1.613924027511821454e-05 1.362980603279942567e-05 1.131312143784947313e-05 9.704451291544714632e-06 8.426797538062447195e-06 7.608526546694151575e-06 6.332381260248508376e-06 5.357588599208801245e-06 4.654231673570163566e-06 4.238197990883307181e-06 3.693175792555153357e-06 3.342212908265115147e-06 2.825383000882235890e-06 2.528484403900589442e-06 2.231527616996134416e-06 2.023726895630245495e-06 1.838607725679475884e-06 1.591638624094926627e-06 1.488256611195003768e-06 1.227395024933536658e-06 1.160335593149767046e-06 9.921651850723027590e-07 9.282920462035584482e-07 7.930040895298113564e-07 6.261898880680856613e-07 5.191303918653200240e-07 4.140592188881437563e-07 3.874350833854988140e-07 2.817768887421798106e-07 1.228174773755367328e-07 1.140557302002787821e-07 6.661388170748975696e-08 2.458247195837382604e-08 -2.152827421527977027e-08 -9.038798573320877923e-08 -1.283785763874654128e-07 -7.918230569821895482e-08 -3.383638555056419576e-08 -4.890429492373446081e-08 -5.156883012691254342e-08 -6.237307933640423782e-08 -1.076386630454878500e-07 -1.058878450040776648e-07 -1.361140567315705130e-07 -1.770550583392931999e-07 -1.584483116465501023e-07 -1.691169279481737284e-07 -1.922401835153844313e-07 -1.700691989751406348e-07 -1.615591095123465618e-07 -7.862723107163218412e-08 -1.249647742239314056e-07 -3.501975728816926813e-08 -3.321000602207698023e-08 -4.182272596350458825e-08 -8.850660908548982847e-08 -2.918598709670976829e-08 -6.413015554784838905e-08
4.491946047796297869e-05 5.705769830327054015e-05 4.755206681186187800e-05 3.951532912008748311e-05 3.634331449519574887e-05 2.573988027276165737e-05 2.091229923398496438e-05 1.697128259498046076e-05 1.428823932195398067e-05 1.212668493098516416e-05 1.039143856809475787e-05 8.933907115355435143e-06 7.691971078425314422e-06 6.903151444495368453e-06 5.750255707153247080e-06 5.023259376366933676e-06 4.399040265680255116e-06 3.974102992916167397e-06 3.423988556368283308e-06 3.147264187341550076e-06 2.593472855457563944e-06 2.364081881127403679e-06 2.078337547882524908e-06 1.921130861114801073e-06 1.723622384190157617e-06 1.542341065328985510e-06 1.425186819058931544e-06 1.238781245220954628e-06 1.125741037633981897e-06 1.027968267373616836e-06 9.187561019368726439e-07 7.987874058493989531e-07 6.530564405109933804e-07 5.329287654726369350e-07 4.269099607407787683e-07 4.168085983524717253e-07 3.110949895883460218e-07 1.768915763161949281e-07 1.915311309049839154e-07 1.737943234060572532e-07 1.569331654804989569e-07 1.420169636760965553e-07 7.847862369579267980e-08 4.450265946080122815e-08 7.509311133717876444e-08 5.303770289752804133e-08 8.908182692684652658e-09 -3.181460579310502020e-08 -7.437321866537193213e-08 -1.101938832772223293e-07 -1.266333545323596053e-07 -1.597688821927911061e-07 -1.617945727267264322e-07 -1.657548849123093233e-07 -1.869498329848991425e-07 -2.109246746245776899e-07 -1.831752463009852861e-07 -1.911933383575840299e-07 -1.478242210700420230e-07 -1.672180701206197397e-07 -1.117751560975078423e-07 -1.202292688752994196e-07 -1.085270379084817116e-07 -1.542128594031559959e-07 -1.009653484370467624e-07 -9.995728705449094818e-08
2.029819911766225015e-05 4.108166316243237309e-05 3.513261880180363651e-05 2.972788297472876245e-05 2.573988027276165737e-05 2.392331818533892788e-05 1.843180388899378055e-05 1.506303618075649866e-05 1.278688364416793771e-05 1.079313424403473700e-05 9.259732171643753895e-06 7.868101402413423125e-06 6.735467184847390080e-06 6.002274081680524488e-06 5.029634355173808079e-06 4.414436431912338498e-06 3.801877411661147206e-06 3.472105635982036845e-06 2.977845623006080536e-06 2.720647988238207536e-06 2.267219860465267698e-06 2.058042049770849949e-06 1.843336654111585553e-06 1.633820055474087241e-06 1.407562550980429385e-06 1.267039687133592738e-06 1.177412614504958651e-06 1.052469691723502448e-06 9.284024905224904817e-07 8.600382226416893699e-07 7.647271770050199104e-07 6.566819603158850466e-07 5.355752063459571169e-07 4.479642015980059373e-07 3.609692601897121378e-07 3.003755511600172838e-07 2.249399265599381153e-07 1.318576766153155482e-07 1.116358762125827917e-07 6.649255245100044419e-08 7.606721958066807373e-08 4.602457813514271178e-08 -1.932877466298497111e-08 -2.450190259280759379e-08 4.662881990202035457e-09 -6.807383308461682061e-09 -3.761380509968995047e-08 -4.134971241687956404e-08 -6.741503941946538736e-08 -8.709865457348469602e-08 -8.454505551473647723e-08 -9.347415655512263346e-08 -1.008795485252833552e-07 -9.629391565120431438e-08 -1.005365766087875594e-07 -1.312892928505667743e-07 -1.202235392807932223e-07 -1.385297918069472916e-07 -1.086570606447715354e-07 -1.292411972974524399e-07 -8.978397763182340961e-08 -1.045022897733092587e-07 -1.033156454534116341e-07 -1.225761450266319551e-07 -6.913029379116894234e-08 -6.784570086239040352e-08
1.403342348319879432e-05 3.203758069823529789e-05 2.769563773979654745e-05 2.386936324004118292e-05 2.091229923398496438e-05 1.843180388899378055e-05 1.809929282292852354e-05 1.408466406466131345e-05 1.199514812863625031e-05 1.024120935017681953e-05 8.727103048778070800e-06 7.511866528976090007e-06 6.481906592192788852e-06 5.734637307922343523e-06 4.871651476663270034e-06 4.276938347858732120e-06 3.762785393704856406e-06 3.409830851753171265e-06 2.941131585992479309e-06 2.681784277277963523e-06 2.263826408301700334e-06 2.037593797611484975e-06 1.819894770249372235e-06 1.598634798900107876e-06 1.405574429656713569e-06 1.274844786524732354e-06 1.150440751910049811e-06 1.031597476961031885e-06 9.329181135081539671e-07 8.643252457586943137e-07 7.659562528701839136e-07 6.521913177986121286e-07 5.694884569763473070e-07 4.799270117584180480e-07 3.721468145154402385e-07 3.287933415726560174e-07 2.758872390612419718e-07 1.874264474503709986e-07 1.770539394880215618e-07 1.415254294359389127e-07 1.226284453423798800e-07 9.680651763503260076e-08 5.080498709638285648e-08 5.168467259480158091e-08 6.129034392391988982e-08 4.459406885506608596e-08 2.490567791114653639e-08 5.280931598228110446e-08 9.352186181585239620e-10 -8.841528353060416129e-09 -3.337999109154533461e-08 -4.486507164363703448e-08 -3.802357909382305860e-08 -4.476083357797893619e-08 -3.148828795178471704e-08 -4.727476183931779866e-08 -3.740930047275335802e-08 -5.037802533398209429e-08 -4.301031198569126386e-08 -4.491403200145267935e-08 -5.192417046915574227e-09 -1.128072416508553683e-08 -1.245229269882767192e-08 -4.214265100075789613e-08 -1.913636408951176212e-08 -3.341054445564090698e-08
4.098190182916728682e-06 2.517322596480414722e-05 2.184223427703522259e-05 1.928431175030157234e-05 1.697128259498046076e-05 1.506303618075649866e-05 1.408466406466131345e-05 1.371733870337996484e-05 1.124189337941059129e-05 9.676704310217965928e-06 8.345424877533270871e-06 7.229767635995020850e-06 6.229226898753068577e-06 5.549678375222969144e-06 4.694256830889949980e-06 4.161752913845391701e-06 3.652737116757135803e-06 3.290085354211978548e-06 2.880148655757207813e-06 2.601711063217647670e-06 2.158824863767427589e-06 1.939205794587687606e-06 1.744036568045036990e-06 1.546786008383233513e-06 1.377571120599353108e-06 1.217510254291611126e-06 1.102885132006323863e-06 1.005609582804044949e-06 8.948302372585169825e-07 8.181396692260321808e-07 7.223881379004362740e-07 6.338841598891592917e-07 5.511602307668987143e-07 4.922490507224934537e-07 3.895090382900303308e-07 3.394788831785615774e-07 2.777178152970102398e-07 1.958089328603900693e-07 1.772951642152046680e-07 1.479465019502273792e-07 1.463327482587493515e-07 1.087107672697981933e-07 6.559133812001341497e-08 5.440639238716838750e-08 5.334859723183672009e-08 4.474657164091621043e-08 2.077022190826352403e-08 3.364269177564568841e-08 -4.623705797595788234e-09 -4.118594040542839249e-08 -4.948880390006875790e-08 -6.973509047667927001e-08 -7.406960352427563855e-08 -6.796876983152442300e-08 -7.985702754857283188e-08 -9.930437579839299094e-08 -8.045157813590057582e-08 -8.416147237397438998e-08 -6.999474963282836199e-08 -6.256200761342975742e-08 -4.487385185954152367e-08 -4.984758545659639327e-08 -6.470608110039206531e-08 -8.031255673598163721e-08 -5.044491086842472182e-08 -5.466878799774324942e-08
-1.025948421648050708e-06 2.076787932490774128e-05 1.803074256063368761e-05 1.613924027511821454e-05 1.428823932195398067e-05 1.278688364416793771e-05 1.199514812863625031e-05 1.124189337941059129e-05 1.125740600061241811e-05 9.331318723130466124e-06 8.118556768188953948e-06 7.082764177597747915e-06 6.125474441040516108e-06 5.456698319350719215e-06 4.654086845780653169e-06 4.102207918176910887e-06 3.607276241504966171e-06 3.225766131675683430e-06 2.797202739478043336e-06 2.510627822312425207e-06 2.107847630016472406e-06 1.882750006346508595e-06 1.677396612526143214e-06 1.466212357019486283e-06 1.314178300032531683e-06 1.160725066178027307e-06 1.029937575790621097e-06 9.306924074897299134e-07 8.201494660419198364e-07 7.407560802430302613e-07 6.629402284889214584e-07 5.716581629765468538e-07 4.962974480883658363e-07 4.450027388394447037e-07 3.489254842463305927e-07 3.040374942980685946e-07 2.667958925924287739e-07 1.882896406078460812e-07 1.817371030984291041e-07 1.359808951374193909e-07 1.395244602224783919e-07 9.070488724205384351e-08 5.820851274640128920e-08 5.338802575553918730e-08 5.501061194865224479e-08 4.524880452581216037e-08 1.125308646702476354e-08 2.029464262503511355e-08 -1.955975570002900856e-08 -6.340801190658376531e-08 -7.567214163708005482e-08 -8.113226852922895904e-08 -8.519132027852294312e-08 -8.006007971142624036e-08 -8.671438139115406826e-08 -8.946496700557424456e-08 -7.425736678890311957e-08 -7.812913922442722818e-08 -5.788786487718326858e-08 -6.349215466384158462e-08 -4.984013801623312100e-08 -6.151060969584633937e-08 -7.209724575271346185e-08 -8.469493298247770754e-08 -5.379907129741910592e-08 -6.083214757690641343e-08
-3.961578394452393183e-06 1.736163318643627854e-05 1.514955322385264371e-05 1.362980603279942567e-05 1.212668493098516416e-05 1.079313424403473700e-05 1.024120935017681953e-05 9.676704310217965928e-06 9.331318723130466124e-06 9.443903065439239008e-06 7.924255103267913944e-06 7.000294399525424948e-06 6.075961657241847463e-06 5.471723488160289263e-06 4.666061918930736131e-06 4.133462389827301467e-06 3.661688973553465034e-06 3.295043574358864664e-06 2.873492076351739481e-06 2.568807550317036747e-06 2.170157174819302641e-06 1.938172370628633831e-06 1.720994073231525139e-06 1.498243981139398849e-06 1.352175419893501632e-06 1.200352596428626377e-06 1.063233588303635177e-06 9.506242359615315606e-07 8.460725611848143612e-07 7.627596385310742452e-07 6.751667591048989153e-07 5.806605821430571478e-07 4.994164660050390517e-07 4.485318695887145902e-07 3.554325586341585478e-07 2.918766619075392650e-07 2.723670026975570698e-07 1.949379418607880668e-07 1.772402622463122726e-07 1.268052121545650148e-07 1.342123232384342869e-07 8.181596243612126753e-08 5.946675844693294563e-08 4.952304008601972851e-08 3.878283610903878747e-08 2.877288678974427325e-08 4.302214422599995463e-10 4.972034501717796911e-09 -4.300014506767000261e-08 -7.319902162954809533e-08 -8.324113177572151751e-08 -8.712720368840608797e-08 -9.866761291801204760e-08 -9.928063517445384723e-08 -1.100107344040556330e-07 -1.178048403628502174e-07 -8.837081577346509996e-08 -1.046041568398281759e-07 -9.830047270588294515e-08 -9.699100599146433652e-08 -8.284739972300373137e-08 -9.681768145615892115e-08 -1.097683542377898830e-07 -1.078764352485868412e-07 -8.872604048129281203e-08 -9.287104874697362052e-08
-6.452197040594726491e-06 1.406557672818836395e-05 1.270637920508387137e-05 1.131312143784947313e-05 1.039143856809475787e-05 9.259732171643753895e-06 8.727103048778070800e-06 8.345424877533270871e-06 8.118556768188953948e-06 7.924255103267913944e-06 7.975558990767218752e-06 6.823735330632614640e-06 5.943086548460276664e-06 5.329023200465675438e-06 4.562244648395436790e-06 4.072046570076644930e-06 3.601495524821514404e-06 3.220547100303407716e-06 2.838804041749038412e-06 2.541069999692368356e-06 2.157689364556239829e-06 1.961818857886254077e-06 1.760146825998603159e-06 1.524228644317667731e-06 1.381268673191083205e-06 1.249369379681043547e-06 1.099929657789708037e-06 9.828714326566452118e-07 8.568975653647643211e-07 7.811948598987555513e-07 6.968013093629662469e-07 5.929105163585551866e-07 5.240867864024415703e-07 4.582042368575068013e-07 3.514482565932993181e-07 3.023233763320238268e-07 2.596073318210828616e-07 1.821999262693570330e-07 1.723097277802743646e-07 1.120586803558924353e-07 1.169843788261259956e-07 8.144242973836857613e-08 5.323049277605719012e-08 3.580687197280178184e-08 3.331516956608804202e-08 1.480591866859943077e-08 -1.509073807188107388e-08 -1.153695124775324298e-08 -4.138084177934296179e-08 -6.120941082511487857e-08 -7.541171299612415431e-08 -8.093202163528447425e-08 -9.236796705198271280e-08 -1.029839185676273749e-07 -1.112243938124787015e-07 -1.193149664574403970e-07 -9.233499488973665993e-08 -1.052606167421763188e-07 -1.017714567501191746e-07 -1.045646134727231547e-07 -9.435924065989404250e-08 -1.025890422460635607e-07 -1.062176114686608386e-07 -1.116702308569739846e-07 -8.247890049703469974e-08 -7.987102618814158447e-08
-6.750771510524115199e-06 1.189320341348424736e-05 1.068599029497306763e-05 9.704451291544714632e-06 8.933907115355435143e-06 7.868101402413423125e-06 7.511866528976090007e-06 7.229767635995020850e-06 7.082764177597747915e-06 7.000294399525424948e-06 6.823735330632614640e-06 6.973887608933951437e-06 5.898607072029037960e-06 5.314787349569523863e-06 4.593029866829522690e-06 4.127993717869506516e-06 3.649467815463155700e-06 3.268193417271627424e-06 2.878368715823244407e-06 2.567639890587313435e-06 2.200154108798081315e-06 1.991043718739381049e-06 1.779446584497843045e-06 1.537745917985162343e-06 1.404874670112669681e-06 1.252637651976041757e-06 1.106446314605354100e-06 9.916476521632194588e-07 8.633699675795467922e-07 7.947094378703379170e-07 7.139593936175282490e-07 6.189537270510698271e-07 5.307764633861796051e-07 4.652610330615864556e-07 3.628389256140643735e-07 2.972286257621184340e-07 2.610066610586524692e-07 1.946541663873921170e-07 1.859232709069337839e-07 1.342826372411672659e-07 1.411993276016902389e-07 1.157607997736634022e-07 8.857016996607234635e-08 6.806239432905619724e-08 7.034980830627787211e-08 6.418390150681929111e-08 3.098057484017413218e-08 2.849005792553784742e-08 -4.287588204942589782e-09 -3.036754007249305998e-08 -4.575224624921649940e-08 -4.669174453872073981e-08 -6.822127732729886268e-08 -7.924408000094554396e-08 -8.884949218495364267e-08 -9.312547964808109314e-08 -8.190757442054510636e-08 -8.712177964470845707e-08 -7.688838738444369838e-08 -8.314701338456982346e-08 -7.769984350849973973e-08 -9.098056234481844254e-08 -9.563400805582731669e-08 -9.896217567933030607e-08 -7.432656711976486573e-08 -7.315570588128870533e-08
-7.124265915015415834e-06 1.017546050021617604e-05 9.241534939375033319e-06 8.426797538062447195e-06 7.691971078425314422e-06 6.735467184847390080e-06 6.481906592192788852e-06 6.229226898753068577e-06 6.125474441040516108e-06 6.075961657241847463e-06 5.943086548460276664e-06 5.898607072029037960e-06 5.955489250351160120e-06 5.182399296747937416e-06 4.503324015672763668e-06 4.061694693445968485e-06 3.592976533491881403e-06 3.218532016456917381e-06 2.838693091168021326e-06 2.550414842835274033e-06 2.183968526919712332e-06 1.987622432489556126e-06 1.769248229010632247e-06 1.550691757545368614e-06 1.407346022130665984e-06 1.280248571293963999e-06 1.117017733442238987e-06 9.691623018997511263e-07 8.431773541893347806e-07 7.591179173296463221e-07 6.926921538343479594e-07 5.839314173823146405e-07 5.190702592760100683e-07 4.597250823559972558e-07 3.673645489389619186e-07 3.081644298570661587e-07 2.688626535149642967e-07 2.037541815888442892e-07 1.905063051601387454e-07 1.442776185692210767e-07 1.405726202542791010e-07 1.100703778948437716e-07 9.437723631745821547e-08 7.423803089520296558e-08 7.057101862796607627e-08 7.353456528102872359e-08 2.803378310186725115e-08 2.383882805955293505e-08 -1.220471895161768041e-08 -3.656476779311657248e-08 -4.760383509077093350e-08 -4.287667074256541728e-08 -6.268142222128104387e-08 -7.119794449696517081e-08 -8.056425126678032239e-08 -8.533721783075052369e-08 -7.574391679742988344e-08 -8.380744395326511584e-08 -8.527881472873543160e-08 -9.136967628861588179e-08 -8.876281388328263089e-08 -1.062837679028564841e-07 -1.025918965941690913e-07 -9.448982661257418628e-08 -8.212084333104564610e-08 -7.561827058945174597e-08
-9.119542872436762563e-06 8.758922566931650713e-06 8.166021323090839827e-06 7.608526546694151575e-06 6.903151444495368453e-06 6.002274081680524488e-06 5.734637307922343523e-06 5.549678375222969144e-06 5.456698319350719215e-06 5.471723488160289263e-06 5.329023200465675438e-06 5.314787349569523863e-06 5.182399296747937416e-06 5.343202553026134551e-06 4.530585380590992876e-06 4.100192481261030438e-06 3.644959544667641993e-06 3.257879168856108905e-06 2.879016881518783986e-06 2.569251224824339453e-06 2.215810996742708240e-06 2.011764088399990255e-06 1.798571179495134995e-06 1.570598728448753066e-06 1.419797761321212442e-06 1.283773101468041859e-06 1.115894884193849264e-06 9.760347945494811371e-07 8.399427128502577408e-07 7.733652941413194779e-07 6.927147318887311315e-07 5.930222047646201886e-07 5.210423152631726528e-07 4.450850256330832537e-07 3.573936360616084190e-07 3.058075194521324329e-07 2.671737841458019961e-07 2.021442198990303548e-07 1.882742748755972510e-07 1.447828364130158269e-07 1.476221608611484814e-07 1.112762776043125416e-07 1.023020177890644151e-07 7.937266788736984915e-08 9.108563144360225590e-08 8.208020576682774849e-08 5.735455733337485098e-08 3.904559271969167495e-08 -4.962134965817130159e-09 -3.076861010198058692e-08 -3.575364701356699988e-08 -3.798649407884072703e-08 -4.901382304521034172e-08 -6.408429094124247928e-08 -7.309340437151729423e-08 -7.012863453951160194e-08 -6.507837889566831204e-08 -7.225283267173980100e-08 -6.770412921438483310e-08 -7.009041846334454037e-08 -6.150386926205945445e-08 -7.648279520473921378e-08 -6.845385193243638176e-08 -6.415221383763918914e-08 -5.276002845602030380e-08 -4.627647726296276163e-08
-9.725288430780418508e-06 6.993614709233481393e-06 6.627811127409151337e-06 6.332381260248508376e-06 5.750255707153247080e-06 5.029634355173808079e-06 4.871651476663270034e-06 4.694256830889949980e-06 4.654086845780653169e-06 4.666061918930736131e-06 4.562244648395436790e-06 4.593029866829522690e-06 4.503324015672763668e-06 4.530585380590992876e-06 4.527754406550609608e-06 3.990809555954252932e-06 3.584845474360550125e-06 3.221938815709410316e-06 2.861567715097694811e-06 2.552361844125148680e-06 2.206213657341577932e-06 1.989571169893152514e-06 1.774622015400586705e-06 1.558501124488812378e-06 1.397564949290792533e-06 1.261155296009723231e-06 1.098677259632254983e-06 9.564158273402897563e-07 8.230274342445811750e-07 7.639090037678244073e-07 6.749053114668004765e-07 5.867409232979904638e-07 5.042927536654250123e-07 4.331180424142991614e-07 3.488723041664186474e-07 2.904862551652369869e-07 2.551267933908307914e-07 2.003650676672633987e-07 1.767741643141739214e-07 1.305576769070245184e-07 1.390670312070814937e-07 1.015570125692636507e-07 1.034833105561709790e-07 8.056271657245230859e-08 7.226804035705058757e-08 7.275275935140484212e-08 5.392852892714235990e-08 3.727908981726347578e-08 -1.133304920820222413e-08 -4.152594195772863427e-08 -4.963926909922960707e-08 -4.870405032700105294e-08 -6.755116226453536343e-08 -8.204645793636589481e-08 -8.254844774808149886e-08 -8.301195983390831662e-08 -8.289169922507135015e-08 -8.928164797197906350e-08 -8.884993411791215150e-08 -8.554778847024504932e-08 -8.143664645474360342e-08 -8.844343437543494546e-08 -8.804256244755290192e-08 -8.118988371109858543e-08 -7.181300224081238329e-08 -7.566369622349013694e-08
-1.287886067117429292e-05 5.719829113432201848e-06 5.659314234753723729e-06 5.357588599208801245e-06 5.023259376366933676e-06 4.414436431912338498e-06 4.276938347858732120e-06 4.161752913845391701e-06 4.102207918176910887e-06 4.133462389827301467e-06 4.072046570076644930e-06 4.127993717869506516e-06 4.061694693445968485e-06 4.100192481261030438e-06 3.990809555954252932e-06 4.135471333458297900e-06 3.609019596266708252e-06 3.273448952155782895e-06 2.915403580083817229e-06 2.611055531039869865e-06 2.288142678525011535e-06 2.055385451661634481e-06 1.845310287857780611e-06 1.629593407675619042e-06 1.460650581197652845e-06 1.320356550601469445e-06 1.157624276974450114e-06 1.007904733453398984e-06 8.780848403413946900e-07 8.001744052298899191e-07 7.022045566551663637e-07 6.180252371855709589e-07 5.318735618018399917e-07 4.638556454193961387e-07 3.819309460159407067e-07 3.176854537475644961e-07 2.735320176397517024e-07 2.123558322138546948e-07 1.949002629482892798e-07 1.467490170393689216e-07 1.440712358986365227e-07 1.087777372065084939e-07 1.022026281804956463e-07 8.293542944119254471e-08 7.631552047896629349e-08 7.231724218173854480e-08 4.032341713888649060e-08 1.930211869759364839e-08 -2.500450868692705078e-08 -3.912302614662191339e-08 -5.392975417190153973e-08 -4.664936197533893281e-08 -6.215964130138055970e-08 -7.704689708974112764e-08 -8.080350404674485076e-08 -8.698242643474281115e-08 -7.996816088894461710e-08 -8.889265107295356328e-08 -8.296415692108383426e-08 -7.840313676638530685e-08 -8.067437368697545890e-08 -9.349883238634951001e-08 -9.351338437211442643e-08 -8.397409217782798717e-08 -7.721103728498508631e-08 -8.504974337937184748e-08
-1.354364356822376989e-05 4.263583980439595751e-06 4.652345016671265291e-06 4.654231673570163566e-06 4.399040265680255116e-06 3.801877411661147206e-06 3.762785393704856406e-06 3.652737116757135803e-06 3.607276241504966171e-06 3.661688973553465034e-06 3.601495524821514404e-06 3.649467815463155700e-06 3.592976533491881403e-06 3.644959544667641993e-06 3.584845474360550125e-06 3.609019596266708252e-06 3.676649887303105550e-06 3.215036337104385080e-06 2.889450292565338300e-06 2.600048914500305804e-06 2.284444616337402607e-06 2.063636813166033759e-06 1.864017303428907463e-06 1.650734143919290581e-06 1.482425848884796581e-06 1.336745870450289705e-06 1.166930130294559760e-06 1.025350718681481328e-06 8.930882132699755406e-07 8.155918440333952583e-07 7.172668527741058777e-07 6.172172741548825968e-07 5.365865996429089791e-07 4.676882686672186438e-07 3.795274941042745994e-07 3.208475500871215979e-07 2.704801710943521735e-07 2.163428681802423557e-07 1.958844745202697727e-07 1.605911876227500596e-07 1.610556119993331254e-07 1.331402523938930587e-07 1.215948955162593163e-07 9.921937728189224820e-08 8.414453799093391028e-08 8.309531395943793947e-08 5.834605464247968765e-08 4.001285306656504880e-08 -9.020482350936194520e-09 -2.182371773046600338e-08 -3.802787489240789442e-08 -3.362138483872318057e-08 -4.553657601183932682e-08 -6.519721996184290155e-08 -7.411405233357036374e-08 -7.088574441157463394e-08 -6.413371274610260356e-08 -6.906659533453168437e-08 -6.122858048928169687e-08 -6.244292282729216314e-08 -5.455215521633649373e-08 -6.822911359159614096e-08 -7.181878375576515685e-08 -6.258579883614051104e-08 -6.065787351642276842e-08 -6.524764055356935059e-08
-1.427052469742470836e-05 3.493565539850022900e-06 4.302457193744588477e-06 4.238197990883307181e-06 3.974102992916167397e-06 3.472105635982036845e-06 3.409830851753171265e-06 3.290085354211978548e-06 3.225766131675683430e-06 3.295043574358864664e-06 3.220547100303407716e-06 3.268193417271627424e-06 3.218532016456917381e-06 3.257879168856108905e-06 3.221938815709410316e-06 3.273448952155782895e-06 3.215036337104385080e-06 3.309502426414182959e-06 2.898946700524116349e-06 2.640315317889632273e-06 2.332640143122705796e-06 2.105265397807510108e-06 1.909629239799053798e-06 1.687617687823828738e-06 1.525588352404487609e-06 1.374783572164292489e-06 1.197621346452668501e-06 1.042453489026879874e-06 9.020288445702763932e-07 8.251355026197873263e-07 7.302499010231986203e-07 6.377998194720014192e-07 5.572984983065789150e-07 4.948414182654275262e-07 4.100912935185212441e-07 3.468680924918022010e-07 3.091445901999440345e-07 2.441675640761592202e-07 2.164568493072758647e-07 1.859794614037288893e-07 1.847038547581866131e-07 1.546003456200631920e-07 1.484762206590229893e-07 1.308946529811997534e-07 1.025165273036737347e-07 9.254059405298892955e-08 6.213943869195602322e-08 4.714668179652548382e-08 2.106610923552284532e-09 -1.183425359022409503e-08 -2.886601185503411848e-08 -2.268008309656053697e-08 -3.315036294615509720e-08 -5.214520122116043086e-08 -4.980494770711851104e-08 -5.457251647592135613e-08 -4.868611745343893578e-08 -6.193613512151477045e-08 -5.736767770197208403e-08 -5.881978338757535716e-08 -5.596809436140239499e-08 -7.313952544282635247e-08 -8.141983353114032128e-08 -7.353074988643453886e-08 -7.744400787795933851e-08 -8.402102201382845690e-08
-1.603789485207505450e-05 2.964377671204309371e-06 3.662640353339234620e-06 3.693175792555153357e-06 3.423988556368283308e-06 2.977845623006080536e-06 2.941131585992479309e-06 2.880148655757207813e-06 2.797202739478043336e-06 2.873492076351739481e-06 2.838804041749038412e-06 2.878368715823244407e-06 2.838693091168021326e-06 2.879016881518783986e-06 2.861567715097694811e-06 2.915403580083817229e-06 2.889450292565338300e-06 2.898946700524116349e-06 2.993624441551968230e-06 2.660236111264687822e-06 2.370378186724633363e-06 2.154423108150460622e-06 1.948598067304289963e-06 1.740707452681176534e-06 1.565263796737890880e-06 1.401692852115024079e-06 1.222134458606362906e-06 1.073553239035314575e-06 9.290980069453837372e-07 8.453233517460838596e-07 7.426608095011448503e-07 6.508419497747316964e-07 5.608937486592334398e-07 4.955158808067711052e-07 4.155125679424277970e-07 3.537483845140907280e-07 3.088025151126105191e-07 2.544673395271870169e-07 2.257068307723332071e-07 1.957710520428225347e-07 1.916496066345306704e-07 1.657222753588609118e-07 1.545051038606192987e-07 1.335559737937045631e-07 1.045923991571806409e-07 9.288580882336742283e-08 6.535146506919122964e-08 4.583812163162147597e-08 -1.056323036053507262e-09 -1.481201971010515621e-08 -3.685181580952100988e-08 -3.707514615318461117e-08 -4.799635807071611070e-08 -6.406133180870702580e-08 -5.992596491789330677e-08 -6.587223198179570389e-08 -5.742836273911734265e-08 -6.691217336206067587e-08 -6.100533904666824128e-08 -6.421190254414992136e-08 -6.510373553750451975e-08 -8.338709936060706462e-08 -9.269394329143848166e-08 -7.403177056141568431e-08 -7.425542849981304871e-08 -7.836920987134331789e-08
-1.532801202351107567e-05 2.596942703376178420e-06 3.228770171116768797e-06 3.342212908265115147e-06 3.147264187341550076e-06 2.720647988238207536e-06 2.681784277277963523e-06 2.601711063217647670e-06 2.510627822312425207e-06 2.568807550317036747e-06 2.541069999692368356e-06 2.567639890587313435e-06 2.550414842835274033e-06 2.569251224824339453e-06 2.552361844125148680e-06 2.611055531039869865e-06 2.600048914500305804e-06 2.640315317889632273e-06 2.660236111264687822e-06 2.784376742551900929e-06 2.429309534447143865e-06 2.218033458900719391e-06 2.006949236106844831e-06 1.786337486857117489e-06 1.616508391521346609e-06 1.457528517636507378e-06 1.285051404084629067e-06 1.126741674041269061e-06 9.780445125917970360e-07 8.895397183496369822e-07 7.846030149265929512e-07 6.768930980642147157e-07 5.824907494703270486e-07 5.117279652435928255e-07 4.258445971581800212e-07 3.631625405899143291e-07 3.210503963510107578e-07 2.641040312815325762e-07 2.344511784551167020e-07 2.024270520796458662e-07 1.964686804998094338e-07 1.678092345654255604e-07 1.498382157229650475e-07 1.257598241400872381e-07 9.642739723523518892e-08 8.954035016125346602e-08 6.146398701668948009e-08 3.155414722507971230e-08 -1.153930425806252298e-08 -2.364526455503592364e-08 -4.002131212743835522e-08 -4.056231049485349157e-08 -4.588231385791261962e-08 -5.761141166205283072e-08 -5.228028747856461328e-08 -6.629142249978296617e-08 -6.174597941669005551e-08 -6.709665799078892571e-08 -6.517149507252287228e-08 -6.881650135911125459e-08 -7.482003853588112131e-08 -8.909407480695732443e-08 -9.672672962744330800e-08 -7.562009729642803998e-08 -7.758415986434869239e-08 -7.744355445192765135e-08
-1.503478582231044525e-05 1.852611426263913445e-06 2.606219030214856606e-06 2.825383000882235890e-06 2.593472855457563944e-06 2.267219860465267698e-06 2.263826408301700334e-06 2.158824863767427589e-06 2.107847630016472406e-06 2.170157174819302641e-06 2.157689364556239829e-06 2.200154108798081315e-06 2.183968526919712332e-06 2.215810996742708240e-06 2.206213657341577932e-06 2.288142678525011535e-06 2.284444616337402607e-06 2.332640143122705796e-06 2.370378186724633363e-06 2.429309534447143865e-06 2.465717758420870977e-06 2.194000256626170543e-06 1.999249166564430679e-06 1.789377987425045212e-06 1.626692800466829248e-06 1.467320782914982900e-06 1.296199042302504998e-06 1.137821708432269615e-06 9.948885232138450871e-07 9.008340867840651525e-07 7.975949028409053303e-07 6.920358004131888717e-07 6.046870916082441746e-07 5.365027255184388022e-07 4.490770127879561138e-07 3.845870376353501260e-07 3.449618556612776084e-07 2.765441354913074631e-07 2.464443553046671603e-07 2.140964042751516350e-07 1.947597272497871249e-07 1.683815755479085811e-07 1.493600833509247098e-07 1.304359759569494543e-07 1.021501892901359380e-07 9.454779507145521453e-08 6.701946029790224244e-08 4.347943528687058885e-08 4.292714750708165887e-09 -5.532628957228775863e-09 -2.178752700136625857e-08 -2.011472144821424925e-08 -2.751653298842017704e-08 -4.140819265471711190e-08 -3.893255753286267294e-08 -5.340624551718050071e-08 -5.436979977945352397e-08 -5.868948015155080847e-08 -5.709006715691631625e-08 -5.848714897530540697e-08 -6.591837533566567608e-08 -7.669180082202681268e-08 -8.147575744763376457e-08 -6.327170935796361670e-08 -6.425496443277818706e-08 -6.643122371294466315e-08
-1.467876978477561499e-05 1.450417624435054860e-06 2.441398986708567583e-06 2.528484403900589442e-06 2.364081881127403679e-06 2.058042049770849949e-06 2.037593797611484975e-06 1.939205794587687606e-06 1.882750006346508595e-06 1.938172370628633831e-06 1.961818857886254077e-06 1.991043718739381049e-06 1.987622432489556126e-06 2.011764088399990255e-06 1.989571169893152514e-06 2.055385451661634481e-06 2.063636813166033759e-06 2.105265397807510108e-06 2.154423108150460622e-06 2.218033458900719391e-06 2.194000256626170543e-06 2.280992177685636485e-06 2.033656086716539743e-06 1.830778761650500808e-06 1.677324244188438020e-06 1.515373576084474382e-06 1.348388470572655022e-06 1.191222727496282627e-06 1.052483175746689124e-06 9.473007446959544216e-07 8.463323240298193666e-07 7.386114678057992730e-07 6.421409866177818735e-07 5.655822779273510605e-07 4.853726780348885836e-07 4.218861248939895916e-07 3.719266087255231063e-07 3.019117872872032551e-07 2.660616409767780741e-07 2.331614149808416524e-07 2.123399784692456190e-07 1.837496489007901658e-07 1.610458508845130005e-07 1.432482101487133172e-07 1.145796973365917791e-07 9.969358578297822064e-08 6.819564883449955058e-08 4.426084387932073941e-08 1.388439653005103105e-08 1.688837203071870726e-09 -6.807541791568253541e-09 7.715945424978697675e-11 -2.399045495552061368e-09 -1.367458252045689549e-08 -1.781909743968375519e-08 -3.566653037716949767e-08 -4.067748011151664714e-08 -4.862040270461238119e-08 -4.541349315534596104e-08 -4.618678137988707864e-08 -6.215861599730814679e-08 -7.492227542405990395e-08 -7.953965852140830928e-08 -6.681472711337556719e-08 -6.546753820624696992e-08 -6.555166481946544178e-08
-1.301906659194097148e-05 1.221801919983359057e-06 2.174357892662636865e-06 2.231527616996134416e-06 2.078337547882524908e-06 1.843336654111585553e-06 1.819894770249372235e-06 1.744036568045036990e-06 1.677396612526143214e-06 1.720994073231525139e-06 1.760146825998603159e-06 1.779446584497843045e-06 1.769248229010632247e-06 1.798571179495134995e-06 1.774622015400586705e-06 1.845310287857780611e-06 1.864017303428907463e-06 1.909629239799053798e-06 1.948598067304289963e-06 2.006949236106844831e-06 1.999249166564430679e-06 2.033656086716539743e-06 2.104879614905195221e-06 1.851659740466015778e-06 1.703887968767037760e-06 1.554935145588416256e-06 1.389357243665085399e-06 1.239800253420791505e-06 1.094273520595400133e-06 9.812411347685247999e-07 8.783563612429730087e-07 7.705485390056083858e-07 6.726092981499586934e-07 5.929297127944150128e-07 5.091514279439648745e-07 4.535353362485344939e-07 3.971072268906369158e-07 3.274581859273590164e-07 2.906802487438623814e-07 2.626193291857710605e-07 2.338568426344350462e-07 2.058809265344153329e-07 1.793635199159766045e-07 1.546166259788382390e-07 1.214348876083467279e-07 1.062302037407305382e-07 7.924684527528442578e-08 5.628557247844357027e-08 3.042914143382447680e-08 1.886461741736775643e-08 6.002502409930537597e-09 1.232332872614401218e-08 2.674621091295647848e-09 -1.178029771312821911e-08 -1.336504487717973827e-08 -2.669226978083893852e-08 -3.640116079107120847e-08 -4.206563555220233834e-08 -4.573768230370298186e-08 -4.571285680358390340e-08 -5.911720908890006804e-08 -7.146384580774422804e-08 -7.371871895863358396e-08 -6.269068687106642303e-08 -6.464399709375276517e-08 -6.516752236893706338e-08
